     Year  Month  decimal_year  Average  #Days
0    1958      3      1958.208   315.71     -1
1    1958      4      1958.292   317.45     -1
2    1958      5      1958.375   317.50     -1
3    1958      6      1958.458   -99.99     -1
4    1958      7      1958.542   315.86     -1
..    ...    ...           ...      ...    ...
726  2018      9      2018.708   405.51     29
727  2018     10      2018.792   406.00     30
728  2018     11      2018.875   408.02     24
729  2018     12      2018.958   409.07     30
730  2019      1      2019.042   410.83     27

[731 rows x 5 columns]
     Year  Month  decimal_year  Average  #Days
0    1958      3      1958.208   315.71     -1
1    1958      4      1958.292   317.45     -1
2    1958      5      1958.375   317.50     -1
3    1958      6      1958.458      NaN     -1
4    1958      7      1958.542   315.86     -1
..    ...    ...           ...      ...    ...
726  2018      9      2018.708   405.51     29
727  2018     10      2018.792   406.00     30
728  2018     11      2018.875   408.02     24
729  2018     12      2018.958   409.07     30
730  2019      1      2019.042   410.83     27

[731 rows x 5 columns]
     Year  Month  decimal_year  Average  #Days
0    1958      3      1958.208   315.71     -1
1    1958      4      1958.292   317.45     -1
2    1958      5      1958.375   317.50     -1
4    1958      7      1958.542   315.86     -1
5    1958      8      1958.625   314.93     -1
..    ...    ...           ...      ...    ...
726  2018      9      2018.708   405.51     29
727  2018     10      2018.792   406.00     30
728  2018     11      2018.875   408.02     24
729  2018     12      2018.958   409.07     30
730  2019      1      2019.042   410.83     27

[724 rows x 5 columns]